0 1 1 0 0 0 0 0 0 
0 0 0 0 0 0 0 0 0 
1 1 0 0 0 0 0 0 0 
0 0 0 0 0 0 0 0 0 
0 0 0 0 0 0 0 0 0 
0 0 0 0 0 0 0 0 0 
---
22
3
1.22222
1 1 0 0 0 0 0 0 0 
0 0 0 0 0 0 0 0 0 
1 1 0 0 0 0 0 0 0 
0 0 0 0 0 0 0 0 0 
0 0 0 0 0 0 0 0 0 
0 0 0 0 0 0 0 0 0 
---
22
3
1.22222
1 0 1 0 0 0 0 0 0 
0 0 0 0 0 0 0 0 0 
1 0 1 0 0 0 0 0 0 
0 0 0 0 0 0 0 0 0 
0 0 0 0 0 0 0 0 0 
0 0 0 0 0 0 0 0 0 
---
22
3
1.22222
1 1 0 0 0 0 0 0 0 
1 1 0 0 0 0 0 0 0 
1 1 0 0 0 0 0 0 0 
0 0 0 0 0 0 0 0 0 
0 0 0 0 0 0 0 0 0 
0 0 0 0 0 0 0 0 0 
---
22
4
1.62963
1 0 1 0 0 0 0 0 0 
1 0 1 0 0 0 0 0 0 
1 0 1 0 0 0 0 0 0 
0 0 0 0 0 0 0 0 0 
0 0 0 0 0 0 0 0 0 
0 0 0 0 0 0 0 0 0 
---
22
4
1.62963
1 0 1 0 0 0 0 0 0 
0 0 0 0 0 0 0 0 0 
1 1 0 0 0 0 0 0 0 
0 0 0 0 0 0 0 0 0 
0 0 0 0 0 0 0 0 0 
0 0 0 0 0 0 0 0 0 
---
22
5
2.03704
1 1 0 0 0 0 0 0 0 
0 1 1 0 0 0 0 0 0 
1 1 0 0 0 0 0 0 0 
0 0 0 0 0 0 0 0 0 
0 0 0 0 0 0 0 0 0 
0 0 0 0 0 0 0 0 0 
---
22
6
2.44444
0 1 1 0 0 0 0 0 0 
1 1 0 0 0 0 0 0 0 
1 1 0 0 0 0 0 0 0 
0 0 0 0 0 0 0 0 0 
0 0 0 0 0 0 0 0 0 
0 0 0 0 0 0 0 0 0 
---
22
6
2.44444
1 1 0 0 0 0 0 0 0 
1 0 1 0 0 0 0 0 0 
1 1 0 0 0 0 0 0 0 
0 0 0 0 0 0 0 0 0 
0 0 0 0 0 0 0 0 0 
0 0 0 0 0 0 0 0 0 
---
22
7
2.85185
0 1 1 0 0 0 0 0 0 
1 0 1 0 0 0 0 0 0 
1 1 0 0 0 0 0 0 0 
0 0 0 0 0 0 0 0 0 
0 0 0 0 0 0 0 0 0 
0 0 0 0 0 0 0 0 0 
---
22
6
2.44444
1 0 1 0 0 0 0 0 0 
1 1 0 0 0 0 0 0 0 
1 0 1 0 0 0 0 0 0 
0 0 0 0 0 0 0 0 0 
0 0 0 0 0 0 0 0 0 
0 0 0 0 0 0 0 0 0 
---
22
9
3.66667
1 0 1 0 0 0 0 0 0 
1 0 1 0 0 0 0 0 0 
1 1 0 0 0 0 0 0 0 
0 0 0 0 0 0 0 0 0 
0 0 0 0 0 0 0 0 0 
0 0 0 0 0 0 0 0 0 
---
22
8
3.25926
1 0 1 0 0 0 0 0 0 
1 1 0 0 0 0 0 0 0 
1 1 0 0 0 0 0 0 0 
0 0 0 0 0 0 0 0 0 
0 0 0 0 0 0 0 0 0 
0 0 0 0 0 0 0 0 0 
---
22
7
2.85185
1 0 1 0 0 0 0 0 0 
0 1 1 0 0 0 0 0 0 
1 1 0 0 0 0 0 0 0 
0 0 0 0 0 0 0 0 0 
0 0 0 0 0 0 0 0 0 
0 0 0 0 0 0 0 0 0 
---
22
6
2.44444
